<?xml version="1.0" standalone="no"?>
<!DOCTYPE svg PUBLIC "-//W3C//DTD SVG 20010904//EN"
 "http://www.w3.org/TR/2001/REC-SVG-20010904/DTD/svg10.dtd">
<svg version="1.0" xmlns="http://www.w3.org/2000/svg"
 width="1408.000000pt" height="768.000000pt" viewBox="0 0 1408.000000 768.000000"
 preserveAspectRatio="xMidYMid meet">

<g transform="translate(0.000000,768.000000) scale(0.100000,-0.100000)"
fill="#000000" stroke="none">
<path d="M8180 6456 c0 -8 9 -52 20 -98 11 -46 20 -111 20 -146 0 -56 2 -64
23 -71 12 -5 23 -8 25 -6 8 7 -24 162 -49 243 -29 88 -39 109 -39 78z"/>
<path d="M7462 6388 c-87 -127 -124 -245 -124 -393 0 -153 17 -198 100 -260
152 -114 251 -285 252 -432 0 -56 -15 -55 -64 2 -43 53 -102 85 -206 113 -41
11 -83 24 -94 28 -16 6 -18 3 -11 -27 3 -19 20 -62 36 -96 40 -83 101 -136
192 -165 92 -30 110 -54 137 -183 13 -59 36 -127 56 -165 l33 -65 -39 43 c-38
42 -80 132 -80 172 0 10 -3 26 -7 36 -4 12 -13 -11 -25 -67 -42 -196 -149
-340 -318 -429 l-84 -45 -22 -96 c-28 -118 -64 -197 -115 -248 -22 -21 -39
-41 -39 -45 0 -3 28 -27 63 -52 83 -61 93 -76 15 -22 -16 11 -32 16 -38 13 -5
-3 -21 5 -34 19 -13 14 -29 26 -36 26 -7 0 7 18 30 40 26 24 36 40 27 40 -8 0
-17 -4 -19 -8 -6 -15 -66 -52 -83 -52 -10 0 10 -22 49 -51 36 -28 66 -53 66
-56 0 -5 -66 42 -114 81 l-30 23 45 20 c52 23 65 38 113 117 33 55 50 72 25
24 -9 -16 -8 -19 3 -16 8 3 13 20 14 44 0 21 7 64 14 94 23 88 19 251 -7 335
-35 112 -85 167 -153 169 -47 1 -100 -38 -141 -103 -34 -52 -75 -174 -85 -251
-5 -37 -10 -50 -20 -46 -11 4 -14 -8 -12 -57 l1 -62 7 50 7 50 1 -62 c2 -64
-4 -93 -19 -93 -5 0 -9 60 -9 133 0 197 42 344 126 436 46 52 82 71 129 71 86
0 150 -63 186 -182 21 -69 33 -83 43 -50 4 10 46 35 106 61 55 25 98 46 96 48
-2 2 -41 -6 -87 -17 -109 -26 -121 -26 -117 2 3 19 22 28 133 64 72 23 123 43
115 43 -8 1 -72 -6 -142 -16 -104 -14 -129 -14 -142 -4 -16 14 -22 41 -8 41 4
0 86 18 182 40 96 22 185 40 197 40 12 0 25 5 28 10 3 6 1 10 -4 10 -6 0 -11
6 -11 14 0 8 -14 25 -31 37 -30 21 -37 22 -182 15 -313 -14 -593 -53 -729
-102 -78 -28 -278 -124 -259 -124 6 0 28 7 48 15 36 15 93 12 93 -5 0 -5 34
-6 75 -3 41 3 75 2 75 -2 0 -5 -24 -36 -52 -69 -29 -33 -47 -57 -40 -53 6 5
12 6 12 2 0 -3 -15 -15 -32 -26 -28 -17 -29 -19 -8 -14 50 15 79 36 139 102
34 37 61 64 61 60 0 -5 -20 -39 -44 -77 -48 -74 -96 -112 -161 -129 -34 -8
-221 -30 -390 -46 -82 -7 -30 11 100 34 156 29 155 28 119 48 -18 9 -59 16
-109 17 -44 1 -107 11 -140 21 l-60 18 60 14 c33 8 88 21 122 29 39 9 71 23
87 39 14 14 23 25 20 25 -3 0 -83 -13 -177 -29 -243 -42 -411 -55 -612 -48
-219 8 -323 33 -342 83 -17 45 155 132 320 163 l49 9 -35 -37 c-42 -44 -87
-105 -87 -117 0 -4 19 10 43 33 78 75 200 136 335 167 92 21 308 36 502 35
l155 -1 -92 -23 c-113 -29 -271 -92 -380 -151 -87 -47 -109 -66 -45 -38 228
100 716 204 962 204 144 0 138 -4 203 126 32 62 76 137 98 166 21 29 39 56 39
60 0 16 -88 22 -325 21 -495 -2 -661 -40 -925 -213 -53 -35 -96 -57 -98 -51
-4 13 -81 15 -116 1 -33 -12 -48 -42 -37 -72 l9 -24 -139 -18 c-77 -9 -171
-26 -211 -37 -112 -31 -226 -91 -285 -150 -29 -28 -53 -54 -53 -58 0 -3 15 -7
33 -8 24 -1 47 -15 95 -60 l62 -59 -52 -11 c-42 -8 -60 -8 -86 3 -33 14 -35
14 -52 14 -5 0 -10 8 -11 18 0 9 -14 -10 -30 -43 -29 -57 -30 -64 -25 -155 4
-52 8 -113 11 -135 4 -38 4 -38 -5 5 -5 25 -18 51 -27 58 -14 10 -19 31 -22
94 -2 61 0 79 9 73 9 -5 10 -2 6 12 -9 27 29 168 58 217 13 23 49 64 78 93
l55 51 -136 6 c-75 4 -179 8 -231 11 -52 2 -122 1 -155 -3 l-60 -8 93 -9 c52
-4 96 -13 100 -19 9 -15 134 -39 142 -27 7 10 89 -1 114 -15 19 -11 18 -14
-13 -52 -17 -23 -44 -73 -58 -111 -14 -39 -30 -71 -34 -71 -5 0 -9 -14 -9 -30
0 -17 -7 -47 -15 -67 -18 -42 -24 -225 -8 -230 6 -2 9 -23 7 -47 -2 -24 -6
-72 -7 -105 -2 -34 -6 -63 -9 -66 -3 -3 -54 -14 -114 -25 -205 -38 -246 -57
-207 -98 21 -23 40 -29 113 -36 92 -10 224 -38 235 -50 7 -8 76 -12 238 -12
130 -1 232 -5 235 -10 4 -5 21 -10 37 -10 17 -1 77 -6 135 -12 128 -14 283
-17 300 -7 18 11 223 -4 231 -17 7 -12 225 -15 236 -4 19 18 233 -4 233 -24 0
-5 15 -12 33 -15 40 -9 80 -29 103 -52 46 -47 87 -73 99 -63 8 7 20 1 40 -20
16 -17 23 -30 16 -30 -23 0 0 -19 69 -60 38 -22 76 -48 85 -57 14 -13 18 -14
25 -3 7 12 12 12 27 -1 19 -16 47 -30 146 -70 44 -18 57 -27 54 -40 -4 -15 5
-17 88 -15 86 3 96 6 140 35 26 18 75 46 109 63 33 16 75 41 93 54 17 13 38
24 45 24 18 0 97 57 121 87 17 22 106 88 117 88 11 0 140 119 140 128 0 5 29
39 64 76 35 36 79 84 98 106 18 23 43 52 56 65 54 57 263 423 262 459 0 3 -25
-41 -56 -99 -108 -202 -208 -342 -349 -489 -145 -150 -370 -331 -420 -336 -24
-3 -65 -22 -65 -31 0 -2 15 3 33 11 l32 16 -23 -20 c-12 -11 -77 -47 -143 -81
-110 -56 -160 -73 -215 -73 -22 1 -177 73 -170 80 2 2 40 -12 85 -33 68 -31
85 -35 104 -26 22 12 22 12 -3 10 -32 -2 -102 21 -95 32 3 4 -3 7 -13 6 -9 0
-16 5 -15 11 4 17 -65 51 -102 51 l-29 0 29 -25 c29 -24 28 -24 -20 3 -143 78
-262 162 -406 284 l-66 56 -254 12 c-428 20 -663 33 -687 38 -13 3 -20 9 -16
15 4 6 9 7 13 2 3 -4 40 -9 81 -10 41 -1 67 1 57 5 -10 4 -34 7 -53 7 -19 -1
-34 2 -34 6 0 5 -75 10 -167 12 -93 2 100 1 427 -1 327 -2 606 -5 619 -8 13
-3 51 -31 85 -63 73 -69 165 -140 266 -208 90 -60 279 -166 337 -188 l42 -17
119 60 c219 109 487 309 628 469 240 272 377 525 464 858 61 235 80 407 80
729 l0 232 -57 19 c-32 10 -86 26 -121 36 l-63 18 3 -86 3 -86 35 -12 35 -12
-2 -198 c-5 -371 -72 -674 -212 -954 -144 -288 -361 -535 -627 -712 -115 -77
-193 -123 -155 -91 l24 19 -23 6 c-27 7 -52 -2 -43 -16 3 -6 1 -7 -5 -3 -6 4
-25 0 -41 -9 -40 -20 -61 -19 -91 6 l-25 20 36 -17 c34 -15 38 -15 80 6 222
114 482 326 529 433 35 78 74 377 48 361 -13 -9 -48 6 -48 20 0 8 16 26 35 40
37 29 39 33 26 54 -6 10 -15 9 -44 -8 l-37 -22 -36 21 c-44 26 -54 26 -54 1 0
-12 14 -29 35 -42 47 -31 47 -58 0 -58 -19 0 -35 -5 -35 -10 0 -19 54 -32 108
-26 59 7 68 -5 22 -29 -67 -35 -134 -3 -165 79 -20 53 -10 99 30 136 23 22 28
23 60 11 25 -9 40 -9 54 -2 33 18 50 13 71 -21 l19 -31 6 29 c4 16 15 56 25
89 10 33 21 80 24 105 18 117 43 153 120 171 68 16 94 30 137 76 46 47 78 110
85 166 l6 44 -78 -24 c-126 -39 -173 -64 -220 -117 -59 -64 -71 -54 -54 45 7
40 25 103 39 139 44 107 87 163 209 267 l34 28 5 121 c5 93 2 138 -11 198 -19
85 -88 231 -135 286 l-30 35 35 -86 c41 -104 54 -167 54 -268 0 -97 -21 -180
-62 -239 -25 -36 -27 -44 -12 -38 53 22 52 15 -3 -13 -120 -62 -235 -227 -267
-383 -10 -52 -17 -65 -40 -76 -51 -25 -75 -6 -105 83 -54 160 -88 208 -285
395 -68 64 -101 127 -116 225 -17 106 9 276 56 367 24 47 9 44 -24 -4z m-383
-982 c-2 -2 -84 -9 -183 -15 -204 -13 -411 -36 -447 -49 -16 -6 10 -8 76 -5
l100 5 -107 -61 c-59 -33 -126 -72 -150 -87 -40 -26 -54 -28 -188 -36 -80 -4
-162 -9 -183 -12 -23 -2 -35 0 -31 6 11 17 235 160 289 183 68 30 180 54 300
64 103 8 532 14 524 7z m424 -78 c23 -11 50 -38 68 -65 41 -66 36 -76 -11 -22
-22 26 -62 61 -90 79 -27 18 -50 34 -50 37 0 7 40 -7 83 -29z m867 24 c0 -5
-23 -21 -50 -36 -28 -15 -61 -43 -73 -62 -28 -43 -50 -54 -36 -17 19 51 50 82
102 102 63 24 57 23 57 13z m-241 -194 c8 -19 4 -28 -20 -48 -34 -30 -55 -78
-65 -149 -8 -64 -24 -49 -24 24 0 70 16 120 52 160 35 41 45 43 57 13z m-340
-26 c40 -42 56 -84 66 -177 8 -68 -4 -66 -24 5 -20 70 -58 129 -97 147 -19 9
-34 24 -34 33 0 44 44 40 89 -8z m321 -82 c0 -5 -4 -10 -10 -10 -5 0 -10 5
-10 10 0 6 5 10 10 10 6 0 10 -4 10 -10z m-350 -10 c0 -5 -6 -10 -14 -10 -8 0
-18 5 -21 10 -3 6 3 10 14 10 12 0 21 -4 21 -10z m-734 -299 c96 -58 120 -312
45 -466 -33 -67 -70 -96 -123 -94 l-33 1 33 11 c46 14 88 67 109 135 24 79 24
239 0 309 -20 57 -65 103 -100 103 -18 0 -19 2 -7 10 22 14 41 12 76 -9z
m-1881 -71 c30 -22 55 -43 55 -45 0 -5 -72 20 -99 35 -18 9 -31 50 -16 50 3 0
30 -18 60 -40z m144 -6 c9 -49 47 -66 190 -83 89 -11 332 1 401 19 20 6 48 26
70 51 50 59 72 47 25 -13 -22 -28 -52 -53 -75 -62 -49 -19 -286 -40 -365 -32
-110 12 -145 18 -140 26 3 5 -3 6 -13 3 -11 -2 -34 2 -53 10 -27 11 -38 24
-51 61 -12 34 -14 46 -5 43 6 -2 14 -12 16 -23z m1727 -212 c-3 -43 -14 -88
-25 -110 -24 -45 -25 -41 -6 22 8 27 15 86 16 130 0 66 2 76 11 56 5 -14 7
-56 4 -98z m-494 84 c23 -17 45 -71 62 -151 7 -36 12 -65 11 -65 -1 0 -18 30
-36 66 -19 36 -47 78 -64 92 -30 25 -30 25 -175 18 -80 -3 -163 -8 -185 -11
-83 -11 10 15 141 39 148 28 221 31 246 12z m421 -30 c11 -34 -8 -109 -26
-103 -23 7 -31 54 -18 97 14 46 30 48 44 6z m844 -218 c4 -36 3 -49 -5 -44 -6
3 -13 2 -17 -4 -3 -5 -1 -10 4 -10 16 0 13 -22 -7 -51 -17 -27 -17 -26 -18 65
0 53 -8 118 -18 156 -28 107 -27 108 15 22 23 -47 43 -104 46 -134z m-1686 31
l87 -39 177 0 c98 0 176 -2 174 -4 -2 -2 -75 -7 -161 -10 -162 -7 -170 -6
-283 40 -18 7 -19 6 -5 -11 14 -17 14 -18 -9 -6 -35 19 -16 -6 23 -30 55 -34
20 -20 -68 26 l-86 45 -177 0 c-97 0 -174 2 -172 4 2 2 78 6 168 8 119 4 166
8 169 17 6 19 62 5 163 -40z m-1087 -55 c3 -8 2 -12 -4 -9 -6 3 -10 10 -10 16
0 14 7 11 14 -7z m1534 -11 c-10 -2 -26 -2 -35 0 -10 3 -2 5 17 5 19 0 27 -2
18 -5z m-1395 -54 c56 -14 72 -39 24 -38 -26 0 -29 2 -12 9 18 7 17 8 -10 15
-34 9 -125 53 -125 60 0 3 17 -3 39 -14 21 -11 59 -25 84 -32z m1187 35 c0 -2
-35 -3 -77 -2 -65 1 -70 2 -33 7 44 6 110 3 110 -5z m128 9 c-10 -2 -28 -2
-40 0 -13 2 -5 4 17 4 22 1 32 -1 23 -4z m-433 -47 c27 -11 19 -13 -94 -19
-68 -4 -168 -7 -223 -7 -96 0 -98 1 -86 20 12 19 23 20 193 20 123 -1 189 -5
210 -14z m-992 -23 c-7 -2 -21 -2 -30 0 -10 3 -4 5 12 5 17 0 24 -2 18 -5z
m-56 -9 c-3 -3 -12 -4 -19 -1 -8 3 -5 6 6 6 11 1 17 -2 13 -5z m12 -20 c9 -8
-45 -2 -64 6 -14 7 -8 8 20 3 22 -3 42 -7 44 -9z m89 9 c-10 -2 -28 -2 -40 0
-13 2 -5 4 17 4 22 1 32 -1 23 -4z m360 -110 c-10 -2 -28 -2 -40 0 -13 2 -5 4
17 4 22 1 32 -1 23 -4z m259 -7 c4 -3 -41 -5 -98 -4 -77 1 -91 3 -54 7 59 7
144 5 152 -3z m1558 -129 c6 -5 -9 0 -32 12 -23 11 -45 26 -49 33 -7 12 61
-26 81 -45z m-1566 17 c2 -2 -12 -4 -33 -4 -22 0 -35 4 -31 10 5 9 52 4 64 -6z
m38 0 c-3 -3 -12 -4 -19 -1 -8 3 -5 6 6 6 11 1 17 -2 13 -5z m1483 -50 c0 -2
-9 0 -20 6 -11 6 -20 13 -20 16 0 2 9 0 20 -6 11 -6 20 -13 20 -16z m105 -2
c-3 -3 -11 0 -18 7 -9 10 -8 11 6 5 10 -3 15 -9 12 -12z m20 -70 c-3 -3 -11 0
-18 7 -9 10 -8 11 6 5 10 -3 15 -9 12 -12z m85 -22 c-8 -5 -19 -10 -25 -10 -5
0 -3 5 5 10 8 5 20 10 25 10 6 0 3 -5 -5 -10z"/>
<path d="M6520 4503 c5 -2 10 -9 10 -14 0 -6 -4 -8 -9 -5 -5 3 3 -16 18 -43
14 -27 27 -48 29 -47 7 8 -35 110 -46 112 -7 1 -8 0 -2 -3z"/>
<path d="M7220 6254 c-121 -39 -599 -180 -900 -264 l-205 -57 -2 -204 -2 -204
-308 2 c-195 2 -301 0 -288 -6 11 -5 44 -10 73 -10 37 -1 52 -5 52 -15 0 -9
18 -16 53 -20 83 -11 147 -27 147 -36 0 -5 -24 -11 -52 -13 -50 -3 -49 -3 14
-5 l67 -2 -2 28 c-2 25 0 27 33 24 43 -4 61 -19 40 -33 -10 -7 15 -8 83 -4
l97 7 0 -25 0 -26 74 35 c41 19 80 34 86 34 9 0 11 45 9 172 l-4 172 135 38
c127 37 755 224 830 249 33 10 37 16 65 105 17 52 26 94 20 93 -5 -1 -57 -16
-115 -35z"/>
<path d="M7495 6277 c-2 -7 -8 -43 -13 -80 -7 -58 -6 -69 7 -76 22 -11 124
-44 266 -85 131 -37 441 -131 467 -141 12 -5 18 4 27 42 5 26 12 63 13 82 l3
35 -350 106 c-192 58 -365 111 -383 118 -25 9 -34 9 -37 -1z"/>
<path d="M6260 6050 c-23 -7 -23 -8 -3 -9 12 -1 25 4 28 9 3 6 5 10 3 9 -2 -1
-14 -5 -28 -9z"/>
<path d="M6160 6020 c-8 -5 -10 -10 -5 -10 6 0 17 5 25 10 8 5 11 10 5 10 -5
0 -17 -5 -25 -10z"/>
<path d="M6108 6003 c7 -3 16 -2 19 1 4 3 -2 6 -13 5 -11 0 -14 -3 -6 -6z"/>
<path d="M6020 5903 c-7 -49 -19 -93 -26 -98 -8 -7 -13 -45 -15 -110 -1 -57
-7 -103 -13 -107 -6 -4 10 -8 37 -8 l47 0 0 189 c0 104 3 196 6 205 4 10 1 16
-9 16 -11 0 -18 -22 -27 -87z"/>
<path d="M6428 5763 c7 -3 16 -2 19 1 4 3 -2 6 -13 5 -11 0 -14 -3 -6 -6z"/>
<path d="M6370 5750 c-18 -12 -2 -12 25 0 13 6 15 9 5 9 -8 0 -22 -4 -30 -9z"/>
<path d="M6361 5538 c-1 -52 -1 -52 64 -41 l40 8 -45 5 c-42 5 -45 7 -51 40
-6 33 -6 32 -8 -12z"/>
<path d="M5688 5413 c7 -3 16 -2 19 1 4 3 -2 6 -13 5 -11 0 -14 -3 -6 -6z"/>
<path d="M5211 5376 c3 -3 79 -11 169 -17 90 -5 171 -14 179 -19 12 -7 4 -9
-28 -10 -81 0 -38 -8 79 -14 161 -8 240 -17 240 -27 0 -4 -21 -10 -47 -12 -30
-2 -15 -4 38 -5 85 -2 86 -2 153 41 l68 44 -89 6 c-133 10 -769 21 -762 13z"/>
<path d="M7210 5241 c-34 -68 -60 -125 -58 -127 5 -4 290 15 295 20 2 1 -14
15 -35 30 -44 30 -93 94 -121 157 l-19 42 -62 -122z"/>
<path d="M5613 5263 c26 -2 67 -2 90 0 23 2 2 3 -48 3 -49 0 -68 -1 -42 -3z"/>
<path d="M5478 5253 c12 -2 30 -2 40 0 9 3 -1 5 -23 4 -22 0 -30 -2 -17 -4z"/>
<path d="M4889 5202 c7 -6 51 -13 97 -17 46 -4 82 -10 79 -15 -7 -11 87 -19
101 -8 7 5 22 4 35 -1 13 -4 61 -12 107 -16 45 -4 82 -11 82 -15 0 -7 -39 -18
-130 -36 -32 -6 -33 -7 -12 -15 15 -6 50 -1 110 16 48 14 143 34 212 43 95 14
126 22 128 34 3 13 -31 16 -265 22 -147 3 -333 9 -413 12 -93 3 -140 2 -131
-4z"/>
<path d="M6731 4314 c0 -11 3 -14 6 -6 3 7 2 16 -1 19 -3 4 -6 -2 -5 -13z"/>
<path d="M7670 3945 c-19 -14 -29 -25 -23 -25 7 0 25 11 40 25 36 31 28 31
-17 0z"/>
<path d="M7570 3880 c-9 -6 -10 -10 -3 -10 6 0 15 5 18 10 8 12 4 12 -15 0z"/>
<path d="M6990 3757 c18 -17 110 -71 110 -64 0 3 -28 21 -62 42 -35 20 -56 30
-48 22z"/>
<path d="M10023 3448 c-44 -46 -103 -126 -103 -139 0 -13 77 -30 119 -26 27 2
52 15 87 45 48 40 151 152 140 152 -3 0 -42 -31 -87 -70 l-81 -70 -75 0 -75 0
52 58 c78 87 96 125 23 50z"/>
<path d="M3897 3198 c-10 -46 -18 -111 -19 -145 0 -35 -5 -63 -10 -63 -5 0 -8
-94 -7 -210 1 -193 3 -212 21 -235 13 -17 29 -25 50 -25 38 0 178 68 178 87 0
8 -4 11 -10 8 -6 -4 -10 51 -11 157 -1 90 -3 175 -5 191 -1 15 1 27 7 27 5 0
10 -59 10 -137 1 -76 5 -151 9 -168 7 -28 8 -27 9 13 1 38 3 42 26 42 14 0 25
-6 25 -14 0 -7 11 -30 25 -50 14 -20 25 -43 25 -51 0 -37 81 -46 144 -15 40
19 67 52 112 135 12 21 27 41 34 43 18 6 31 -20 18 -35 -7 -9 -7 -13 1 -13 7
0 10 -30 10 -86 -1 -109 7 -120 92 -117 48 1 69 7 100 29 36 25 52 54 29 54
-6 0 -10 73 -10 198 0 110 -3 254 -7 320 l-6 122 -69 0 c-39 0 -68 4 -68 10 0
27 -26 2 -72 -70 -28 -44 -55 -80 -59 -80 -5 0 -9 -9 -9 -19 0 -11 -4 -22 -9
-26 -6 -3 -33 -43 -60 -88 -37 -62 -49 -90 -44 -108 5 -21 4 -22 -9 -9 -8 8
-68 99 -132 203 l-118 187 -74 0 c-43 0 -74 4 -74 10 0 6 -6 10 -13 10 -8 0
-19 -31 -30 -82z m661 -256 c-18 -32 -60 -106 -93 -165 -33 -58 -63 -106 -67
-107 -4 0 5 21 19 48 48 87 165 282 170 282 2 0 -11 -26 -29 -58z"/>
<path d="M4837 3253 c3 -16 0 -28 -11 -36 -11 -8 -17 -27 -18 -55 -1 -61 -26
-57 -31 6 -2 26 -4 -9 -4 -78 0 -76 2 -108 6 -80 4 25 12 54 19 65 l12 20 -2
-20 c-3 -31 22 -84 42 -90 25 -8 48 -60 67 -153 9 -42 22 -84 28 -92 18 -22
42 -79 55 -128 16 -64 39 -82 105 -82 97 0 164 44 195 128 39 104 71 168 90
179 17 11 20 7 35 -37 9 -27 14 -54 10 -59 -9 -15 32 -168 52 -196 15 -21 26
-24 73 -25 45 0 69 7 123 36 46 24 72 45 79 63 25 63 218 626 217 636 0 12
-93 -241 -145 -397 -20 -60 -38 -107 -40 -105 -2 2 35 117 82 256 47 139 85
254 83 256 -2 2 -41 5 -87 6 l-83 3 -25 -59 c-14 -33 -37 -91 -51 -130 -15
-38 -34 -83 -45 -100 -10 -16 -18 -38 -18 -47 0 -10 -4 -18 -10 -18 -5 0 -10
5 -10 12 0 6 -3 9 -6 6 -3 -3 2 -30 10 -59 9 -29 12 -49 7 -44 -4 6 -41 105
-81 222 l-72 212 -82 3 c-44 2 -85 1 -89 -3 -5 -3 -32 -65 -61 -137 -28 -72
-64 -145 -79 -162 -26 -28 -27 -33 -17 -71 6 -23 9 -43 7 -46 -3 -2 -35 85
-71 194 -37 109 -70 203 -74 209 -4 7 -47 13 -99 16 l-92 4 6 -23z m557 -267
c-3 -15 -8 -25 -11 -23 -2 3 -1 17 3 31 3 15 8 25 11 23 2 -3 1 -17 -3 -31z
m-59 -188 c-26 -79 -52 -150 -57 -158 -8 -13 -9 -13 -5 0 22 76 102 308 105
305 2 -2 -17 -68 -43 -147z m446 -95 c-12 -20 -14 -14 -5 12 4 9 9 14 11 11 3
-2 0 -13 -6 -23z m-30 -76 c-10 -9 -11 -8 -5 6 3 10 9 15 12 12 3 -3 0 -11 -7
-18z"/>
<path d="M6153 3180 c-24 -52 -48 -96 -54 -98 -5 -2 -9 -11 -9 -20 0 -8 -6
-23 -14 -31 -8 -9 -17 -28 -20 -43 -2 -14 -13 -43 -24 -65 -11 -21 -33 -67
-49 -103 -15 -35 -42 -85 -60 -111 -30 -44 -53 -105 -53 -141 0 -27 54 -50 98
-42 81 15 114 39 146 101 9 18 27 35 39 38 41 11 179 10 185 0 4 -5 24 -18 44
-27 22 -10 48 -34 63 -57 30 -49 92 -74 128 -51 12 7 37 15 57 17 62 8 128 66
85 75 -9 2 -77 133 -167 325 l-151 322 -100 3 -100 3 -44 -95z m140 -105 c-3
-9 -8 -14 -10 -11 -3 3 -2 9 2 15 9 16 15 13 8 -4z m-43 -105 c-36 -83 -33
-106 4 -32 14 28 30 53 35 56 10 7 41 -64 41 -94 0 -14 9 -20 38 -23 20 -2 -9
-4 -65 -5 -57 -1 -103 1 -103 4 0 13 73 174 77 170 3 -2 -10 -37 -27 -76z
m-119 -267 c-12 -20 -14 -14 -5 12 4 9 9 14 11 11 3 -2 0 -13 -6 -23z m-11
-31 c0 -5 -7 -17 -15 -28 -14 -18 -14 -17 -4 9 12 27 19 34 19 19z"/>
<path d="M6770 3256 c0 -14 -7 -67 -16 -118 -9 -50 -14 -105 -11 -121 2 -18
-1 -31 -10 -34 -7 -3 -11 -9 -8 -13 2 -4 7 -78 10 -164 8 -250 12 -260 93
-260 35 0 62 8 95 27 44 26 60 47 37 47 -6 0 -9 66 -8 183 2 169 2 174 7 67 5
-104 7 -111 15 -67 l8 48 23 -21 c13 -12 29 -35 35 -51 7 -16 18 -29 25 -29
11 0 85 -83 129 -146 27 -38 84 -69 120 -65 46 5 109 31 129 53 13 16 17 36
15 92 l-2 71 -3 -68 c-2 -39 -8 -65 -13 -62 -6 4 -10 134 -10 326 l0 319 -69
0 c-38 0 -76 3 -84 6 -17 6 -32 -68 -43 -218 -3 -49 -11 -88 -16 -88 -5 0 3
-16 18 -35 15 -20 25 -37 23 -40 -3 -2 -78 81 -168 186 l-164 189 -62 0 c-35
0 -70 3 -79 6 -12 5 -16 0 -16 -20z"/>
<path d="M7810 3265 c-30 -9 -70 -25 -88 -36 -18 -10 -37 -17 -41 -14 -17 10
-93 -83 -135 -166 -43 -84 -44 -88 -42 -175 3 -135 27 -172 203 -314 7 -6 16
-10 22 -10 5 0 11 -7 15 -15 4 -12 27 -15 120 -15 63 0 117 4 121 9 3 5 19 12
36 16 39 9 146 69 182 103 24 23 27 32 25 86 l-2 61 -3 -62 c-2 -35 -9 -63
-16 -66 -9 -3 -11 31 -9 144 l3 148 -83 3 -83 3 -22 -70 c-28 -87 -30 -135 -5
-136 40 -1 -25 -18 -74 -18 -93 -2 -161 34 -196 102 -37 74 -24 185 28 227 12
11 11 6 -5 -20 -11 -19 -21 -46 -21 -60 l1 -25 13 25 c8 14 28 36 46 49 28 20
41 23 106 19 41 -2 75 0 76 4 2 4 23 -2 47 -12 24 -11 51 -20 60 -20 22 0 114
93 118 119 4 27 -57 76 -127 102 -73 28 -197 34 -270 14z"/>
<path d="M8572 3264 c-29 -7 -62 -19 -73 -24 -11 -6 -25 -8 -31 -4 -7 5 -8 3
-4 -5 6 -8 2 -11 -10 -9 -11 2 -18 -2 -17 -9 2 -7 -3 -10 -11 -7 -20 8 -81
-69 -121 -151 -33 -69 -34 -71 -28 -175 4 -90 6 -116 12 -161 1 -4 21 -33 46
-64 46 -59 100 -101 110 -85 3 5 26 0 51 -12 29 -12 87 -24 153 -30 l106 -10
65 38 c75 44 167 133 205 198 33 56 55 137 54 196 -1 36 -3 29 -14 -38 -14
-89 -53 -168 -109 -220 -26 -24 -26 -22 6 18 49 62 65 96 78 168 46 256 -199
459 -468 386z m-52 -204 c-12 -16 -23 -47 -26 -67 -4 -35 -3 -36 5 -9 13 38
39 66 78 82 36 16 103 19 103 5 0 -5 14 -11 32 -15 29 -6 66 -41 60 -58 -1 -5
5 -8 13 -8 29 0 48 -46 43 -105 -4 -44 -11 -62 -34 -87 -19 -21 -23 -29 -11
-25 27 10 20 -1 -13 -18 -40 -21 -135 -19 -186 4 -114 52 -150 222 -67 313 25
28 27 21 3 -12z"/>
<path d="M9127 3188 c-24 -139 -38 -377 -28 -506 7 -109 9 -114 36 -137 26
-20 41 -23 133 -24 57 -1 109 2 115 7 7 5 72 12 145 15 86 3 138 9 148 18 13
10 19 8 38 -13 19 -23 29 -26 79 -26 32 1 60 5 63 9 6 10 232 11 238 1 9 -15
142 6 182 28 54 30 62 39 44 50 -8 6 -132 10 -282 10 l-268 0 -2 328 c-2 211
-7 326 -13 325 -5 -1 -13 -19 -17 -40 -3 -21 -14 -55 -22 -75 -16 -39 -17 -57
-11 -278 1 -69 -1 -127 -6 -130 -5 -4 -10 -34 -11 -68 -4 -79 -18 -81 -18 -2
l0 60 -172 2 -173 3 -3 263 -2 262 -74 0 c-41 0 -81 2 -89 5 -10 5 -17 -15
-30 -87z"/>
<path d="M9948 3080 c3 -48 7 -60 20 -59 11 0 12 2 5 6 -15 6 -17 29 -3 38 20
12 118 17 125 6 18 -29 232 23 222 53 -2 7 -69 12 -188 14 l-184 2 3 -60z"/>
<path d="M9944 2859 c3 -17 6 -47 6 -65 0 -34 1 -34 43 -32 l42 1 -38 4 c-24
3 -37 9 -34 16 3 11 77 28 192 43 57 7 129 40 120 54 -4 6 -77 10 -172 10
l-165 0 6 -31z"/>
<path d="M6007 2433 c-9 -2 -15 -9 -12 -14 3 -5 -1 -6 -9 -3 -12 5 -78 -53
-121 -106 -17 -21 -45 -130 -45 -174 0 -39 42 -130 70 -153 32 -25 128 -46
188 -41 67 7 156 51 196 99 l25 30 -39 35 c-36 33 -41 35 -55 20 -18 -18 -29
-21 -20 -6 3 6 -1 7 -9 4 -9 -3 -14 -10 -11 -15 3 -4 -11 -11 -30 -15 -83 -15
-156 49 -154 135 l2 46 6 -40 6 -40 8 29 c5 17 16 36 25 43 19 14 72 18 72 5
0 -13 80 -14 115 -2 16 6 41 26 55 46 l24 37 -33 27 c-43 37 -107 53 -180 48
-33 -2 -58 -1 -55 4 3 4 4 7 2 7 -2 -1 -11 -3 -21 -6z"/>
<path d="M6692 2375 c-23 -39 -47 -86 -53 -105 -7 -19 -20 -46 -29 -60 -10
-14 -23 -44 -29 -67 -6 -23 -19 -49 -28 -58 -16 -17 -35 -93 -27 -107 3 -5 14
-8 24 -8 10 0 22 -4 25 -10 9 -14 76 16 100 45 18 22 29 25 92 26 68 2 74 0
108 -30 41 -36 75 -39 135 -14 36 16 55 43 29 43 -5 0 -30 44 -55 98 -25 53
-66 141 -91 195 l-47 97 -52 0 c-32 0 -54 5 -56 12 -3 7 -23 -19 -46 -57z m61
-140 c-3 -9 -8 -14 -10 -11 -3 3 -2 9 2 15 9 16 15 13 8 -4z m26 -34 c-15 -5
-22 6 -14 19 6 9 10 9 16 -1 5 -8 4 -15 -2 -18z m50 -15 c-8 -8 -88 -10 -95
-3 -4 4 17 7 46 7 29 0 51 -2 49 -4z m-46 -143 c-13 -2 -35 -2 -50 0 -16 2 -5
4 22 4 28 0 40 -2 28 -4z"/>
<path d="M7327 2375 c-3 -28 -13 -69 -23 -91 -13 -29 -18 -65 -18 -141 -1 -57
2 -103 7 -103 4 0 7 -10 7 -22 0 -42 14 -52 62 -45 72 10 95 23 103 56 4 17
11 34 17 37 7 4 8 2 4 -4 -4 -7 -1 -12 8 -12 9 0 16 -8 16 -17 0 -9 3 -14 6
-10 3 3 19 -8 34 -25 28 -30 31 -31 91 -25 44 4 68 11 83 26 11 12 16 21 10
21 -6 0 -30 27 -53 59 -42 60 -57 96 -21 51 13 -16 18 -18 14 -7 -4 10 0 25 9
35 20 22 52 96 38 87 -7 -4 -11 7 -11 30 0 92 -53 136 -169 142 -42 2 -106 5
-142 7 l-66 3 -6 -52z m133 -110 c2 -41 4 -45 9 -21 6 31 31 48 31 22 0 -9 6
-13 14 -10 8 3 17 1 21 -5 3 -6 1 -11 -4 -11 -23 0 -9 -19 17 -23 15 -2 -3 -5
-40 -6 l-68 -1 1 73 c0 81 16 67 19 -18z m-13 -212 c-2 -16 -4 -3 -4 27 0 30
2 43 4 28 2 -16 2 -40 0 -55z"/>
<path d="M8065 2409 c-12 -11 -37 -43 -53 -72 -26 -46 -29 -59 -22 -93 8 -42
31 -94 41 -94 10 0 -21 -83 -37 -101 -20 -23 -17 -52 9 -70 64 -45 167 -52
243 -15 65 32 144 102 144 129 0 19 -1 19 -13 4 -10 -15 -12 -11 -9 27 2 24
-1 54 -8 66 -14 26 -78 55 -142 64 -45 7 -98 37 -98 57 0 5 9 0 21 -12 16 -16
28 -20 53 -15 17 4 51 9 76 13 25 3 52 12 62 20 18 16 32 57 15 46 -6 -4 -8 0
-4 10 4 12 -2 23 -20 34 -41 27 -225 28 -258 2z m44 8 c-2 -1 -13 -9 -24 -17
-19 -14 -19 -14 -6 3 7 9 18 17 24 17 6 0 8 -1 6 -3z m85 -317 c65 -7 50 -15
-19 -11 -39 2 -115 30 -115 42 0 5 14 2 32 -7 17 -9 63 -20 102 -24z"/>
<path d="M8607 2268 c-3 -13 -9 -44 -12 -71 -9 -57 4 -77 50 -77 19 0 35 -4
37 -8 2 -5 30 -5 63 -1 33 4 86 8 118 8 31 1 57 5 57 10 0 9 219 23 234 14 20
-13 221 -2 231 11 14 18 104 35 190 37 39 0 149 7 245 15 96 8 200 16 230 18
98 7 -518 -4 -755 -14 -126 -5 -328 -12 -447 -16 l-218 -7 0 51 c0 53 -14 70
-23 30z"/>
<path d="M8218 2273 c7 -3 16 -2 19 1 4 3 -2 6 -13 5 -11 0 -14 -3 -6 -6z"/>
<path d="M5415 2263 c-78 -6 -751 -24 -835 -22 -47 1 -103 2 -125 2 -22 1
-114 0 -205 -2 -224 -4 -171 -16 132 -30 284 -13 304 -16 311 -42 4 -16 15
-19 69 -20 34 0 85 -4 111 -8 26 -4 50 -4 53 1 8 13 227 -2 244 -18 16 -13
215 -23 227 -10 4 3 34 6 67 6 34 0 77 5 96 10 42 13 91 51 73 57 -8 3 -13 22
-13 44 l0 39 -82 -2 c-46 -1 -101 -3 -123 -5z"/>
</g>
</svg>
